1363	201611	30	87500	86800	215424	11549	88600
1364	201611	31	87500	86800	215424	11549	88600
1365	201611	32	87500	86800	215424	11549	88600
1366	201611	33	87500	86800	215424	11549	88600
1367	201611	34	87500	86800	215424	11549	88600
1368	201611	35	87600	86800	215424	11549	88600
1369	201611	36	87600	86800	215424	11549	88600
1370	201611	37	87600	86800	215424	11549	88600
1371	201611	38	87600	86800	215424	11549	88600
1372	201611	39	87700	86800	215424	11549	88600
1373	201611	40	87700	86800	215424	11549	88600
1374	201611	41	87700	86800	215424	11549	88600
1375	201611	42	87700	86800	215424	11549	88600
1376	201611	43	87700	86800	215424	11549	88600
1377	201611	44	87700	86800	215424	11549	88600
1378	201611	45	87700	86800	215424	11549	88600
1379	201611	46	87700	86800	215424	11549	88600
1380	201611	47	87700	86800	215424	11549	88600
1381	201611	48	87800	86800	215424	11549	88600
1382	201611	49	87800	86800	215424	11549	88600
1383	201611	50	88000	86800	215424	11549	88600
1384	201611	51	88000	86800	215424	11549	88600
1385	201611	52	88100	86800	215424	11549	88600
1386	201611	53	88100	86800	215424	11549	88600
1387	201611	54	88200	86800	215424	11549	88600
1388	201611	55	88300	86800	215424	11549	88600
1389	201611	56	88400	86800	215424	11549	88600
1390	201611	57	88500	86800	215424	11549	88600
1391	201611	58	88500	86800	215424	11549	88600
1392	201611	59	88600	86800	215424	11549	88600
1238	201610	30	87400	86800	213212	11621	88300
1239	201610	31	87400	86800	213212	11621	88300
1240	201610	32	87400	86800	213212	11621	88300
1241	201610	33	87400	86800	213212	11621	88300
1242	201610	34	87400	86800	213212	11621	88300
1243	201610	35	87500	86800	213212	11621	88300
1244	201610	36	87500	86800	213212	11621	88300
1245	201610	37	87500	86800	213212	11621	88300
1246	201610	38	87500	86800	213212	11621	88300
1247	201610	39	87500	86800	213212	11621	88300
1248	201610	40	87500	86800	213212	11621	88300
1249	201610	41	87500	86800	213212	11621	88300
1250	201610	42	87500	86800	213212	11621	88300
1251	201610	43	87600	86800	213212	11621	88300
1252	201610	44	87700	86800	213212	11621	88300
1253	201610	45	87700	86800	213212	11621	88300
1254	201610	46	87900	86800	213212	11621	88300
1255	201610	47	87900	86800	213212	11621	88300
1256	201610	48	88000	86800	213212	11621	88300
1257	201610	49	88000	86800	213212	11621	88300
1258	201610	50	88000	86800	213212	11621	88300
1259	201610	51	88000	86800	213212	11621	88300
1260	201610	52	88000	86800	213212	11621	88300
1261	201610	53	88000	86800	213212	11621	88300
1262	201610	54	88000	86800	213212	11621	88300
1263	201610	55	88100	86800	213212	11621	88300
1264	201610	56	88100	86800	213212	11621	88300
1265	201610	57	88100	86800	213212	11621	88300
1266	201610	58	88100	86800	213212	11621	88300
1267	201610	59	88200	86800	213212	11621	88300
1113	201609	30	85400	84800	229544	12889	86500
1114	201609	31	85400	84800	229544	12889	86500
1115	201609	32	85400	84800	229544	12889	86500
1116	201609	33	85400	84800	229544	12889	86500
1117	201609	34	85400	84800	229544	12889	86500
1118	201609	35	85400	84800	229544	12889	86500
1119	201609	36	85400	84800	229544	12889	86500
1120	201609	37	85400	84800	229544	12889	86500
1121	201609	38	85400	84800	229544	12889	86500
1122	201609	39	85400	84800	229544	12889	86500
1123	201609	40	85400	84800	229544	12889	86500
1124	201609	41	85400	84800	229544	12889	86500
1125	201609	42	85400	84800	229544	12889	86500
1126	201609	43	85400	84800	229544	12889	86500
1127	201609	44	85500	84800	229544	12889	86500
1128	201609	45	85600	84800	229544	12889	86500
1129	201609	46	85700	84800	229544	12889	86500
1130	201609	47	85700	84800	229544	12889	86500
1131	201609	48	85900	84800	229544	12889	86500
1132	201609	49	85900	84800	229544	12889	86500
1133	201609	50	85900	84800	229544	12889	86500
1134	201609	51	85900	84800	229544	12889	86500
1135	201609	52	86000	84800	229544	12889	86500
1136	201609	53	86000	84800	229544	12889	86500
1137	201609	54	86000	84800	229544	12889	86500
1138	201609	55	86000	84800	229544	12889	86500
1139	201609	56	86100	84800	229544	12889	86500
1140	201609	57	86200	84800	229544	12889	86500
1141	201609	58	86200	84800	229544	12889	86500
1142	201609	59	86300	84800	229544	12889	86500
988	201608	30	85700	84800	251188	11549	86900
989	201608	31	85700	84800	251188	11549	86900
990	201608	32	85700	84800	251188	11549	86900
991	201608	33	85700	84800	251188	11549	86900
992	201608	34	85700	84800	251188	11549	86900
993	201608	35	85700	84800	251188	11549	86900
994	201608	36	85700	84800	251188	11549	86900
995	201608	37	85700	84800	251188	11549	86900
996	201608	38	85700	84800	251188	11549	86900
997	201608	39	85700	84800	251188	11549	86900
998	201608	40	85700	84800	251188	11549	86900
999	201608	41	85800	84800	251188	11549	86900
1000	201608	42	85800	84800	251188	11549	86900
1001	201608	43	85900	84800	251188	11549	86900
1002	201608	44	86000	84800	251188	11549	86900
1003	201608	45	86000	84800	251188	11549	86900
1004	201608	46	86100	84800	251188	11549	86900
1005	201608	47	86200	84800	251188	11549	86900
1006	201608	48	86200	84800	251188	11549	86900
1007	201608	49	86200	84800	251188	11549	86900
1008	201608	50	86300	84800	251188	11549	86900
1009	201608	51	86300	84800	251188	11549	86900
1010	201608	52	86300	84800	251188	11549	86900
1011	201608	53	86300	84800	251188	11549	86900
1012	201608	54	86400	84800	251188	11549	86900
1013	201608	55	86400	84800	251188	11549	86900
1014	201608	56	86500	84800	251188	11549	86900
1015	201608	57	86600	84800	251188	11549	86900
1016	201608	58	86700	84800	251188	11549	86900
1017	201608	59	86800	84800	251188	11549	86900
863	201607	30	85700	84800	240750	11475	87200
864	201607	31	85700	84800	240750	11475	87200
865	201607	32	85800	84800	240750	11475	87200
866	201607	33	85800	84800	240750	11475	87200
867	201607	34	85800	84800	240750	11475	87200
868	201607	35	85900	84800	240750	11475	87200
869	201607	36	85900	84800	240750	11475	87200
870	201607	37	86000	84800	240750	11475	87200
871	201607	38	86000	84800	240750	11475	87200
872	201607	39	86000	84800	240750	11475	87200
873	201607	40	86100	84800	240750	11475	87200
874	201607	41	86100	84800	240750	11475	87200
875	201607	42	86200	84800	240750	11475	87200
876	201607	43	86300	84800	240750	11475	87200
877	201607	44	86300	84800	240750	11475	87200
878	201607	45	86300	84800	240750	11475	87200
879	201607	46	86400	84800	240750	11475	87200
880	201607	47	86500	84800	240750	11475	87200
881	201607	48	86500	84800	240750	11475	87200
882	201607	49	86600	84800	240750	11475	87200
883	201607	50	86600	84800	240750	11475	87200
884	201607	51	86600	84800	240750	11475	87200
885	201607	52	86700	84800	240750	11475	87200
886	201607	53	86800	84800	240750	11475	87200
887	201607	54	86900	84800	240750	11475	87200
888	201607	55	86900	84800	240750	11475	87200
889	201607	56	87000	84800	240750	11475	87200
890	201607	57	87100	84800	240750	11475	87200
891	201607	58	87100	84800	240750	11475	87200
892	201607	59	87200	84800	240750	11475	87200
738	201606	30	83800	82800	275438	11546	84400
739	201606	31	83800	82800	275438	11546	84400
740	201606	32	83800	82800	275438	11546	84400
741	201606	33	83800	82800	275438	11546	84400
742	201606	34	83900	82800	275438	11546	84400
743	201606	35	83900	82800	275438	11546	84400
744	201606	36	84000	82800	275438	11546	84400
745	201606	37	84000	82800	275438	11546	84400
746	201606	38	84000	82800	275438	11546	84400
747	201606	39	84000	82800	275438	11546	84400
748	201606	40	84000	82800	275438	11546	84400
749	201606	41	84000	82800	275438	11546	84400
750	201606	42	84000	82800	275438	11546	84400
751	201606	43	84100	82800	275438	11546	84400
752	201606	44	84100	82800	275438	11546	84400
753	201606	45	84100	82800	275438	11546	84400
754	201606	46	84100	82800	275438	11546	84400
755	201606	47	84100	82800	275438	11546	84400
756	201606	48	84100	82800	275438	11546	84400
757	201606	49	84100	82800	275438	11546	84400
758	201606	50	84100	82800	275438	11546	84400
759	201606	51	84100	82800	275438	11546	84400
760	201606	52	84100	82800	275438	11546	84400
761	201606	53	84200	82800	275438	11546	84400
762	201606	54	84200	82800	275438	11546	84400
763	201606	55	84200	82800	275438	11546	84400
764	201606	56	84300	82800	275438	11546	84400
765	201606	57	84300	82800	275438	11546	84400
766	201606	58	84300	82800	275438	11546	84400
767	201606	59	84300	82800	275438	11546	84400
610	201605	30	84000	82800	277889	11598	85000
611	201605	31	84000	82800	277889	11598	85000
612	201605	32	84000	82800	277889	11598	85000
613	201605	33	84000	82800	277889	11598	85000
614	201605	34	84000	82800	277889	11598	85000
615	201605	35	84000	82800	277889	11598	85000
616	201605	36	84000	82800	277889	11598	85000
617	201605	37	84000	82800	277889	11598	85000
618	201605	38	84000	82800	277889	11598	85000
619	201605	39	84000	82800	277889	11598	85000
620	201605	40	84000	82800	277889	11598	85000
621	201605	41	84000	82800	277889	11598	85000
622	201605	42	84000	82800	277889	11598	85000
623	201605	43	84000	82800	277889	11598	85000
624	201605	44	84100	82800	277889	11598	85000
625	201605	45	84100	82800	277889	11598	85000
626	201605	46	84200	82800	277889	11598	85000
627	201605	47	84300	82800	277889	11598	85000
628	201605	48	84300	82800	277889	11598	85000
629	201605	49	84300	82800	277889	11598	85000
630	201605	50	84400	82800	277889	11598	85000
631	201605	51	84400	82800	277889	11598	85000
632	201605	52	84400	82800	277889	11598	85000
633	201605	53	84500	82800	277889	11598	85000
634	201605	54	84500	82800	277889	11598	85000
635	201605	55	84600	82800	277889	11598	85000
636	201605	56	84700	82800	277889	11598	85000
637	201605	57	84800	82800	277889	11598	85000
638	201605	58	84900	82800	277889	11598	85000
639	201605	59	84900	82800	277889	11598	85000
482	201604	30	84000	82800	256897	11829	85100
483	201604	31	84000	82800	256897	11829	85100
484	201604	32	84000	82800	256897	11829	85100
485	201604	33	84000	82800	256897	11829	85100
486	201604	34	84000	82800	256897	11829	85100
487	201604	35	84000	82800	256897	11829	85100
488	201604	36	84000	82800	256897	11829	85100
489	201604	37	84000	82800	256897	11829	85100
490	201604	38	84000	82800	256897	11829	85100
491	201604	39	84100	82800	256897	11829	85100
492	201604	40	84100	82800	256897	11829	85100
493	201604	41	84200	82800	256897	11829	85100
494	201604	42	84200	82800	256897	11829	85100
495	201604	43	84300	82800	256897	11829	85100
496	201604	44	84300	82800	256897	11829	85100
497	201604	45	84300	82800	256897	11829	85100
498	201604	46	84300	82800	256897	11829	85100
499	201604	47	84400	82800	256897	11829	85100
500	201604	48	84400	82800	256897	11829	85100
501	201604	49	84400	82800	256897	11829	85100
502	201604	50	84500	82800	256897	11829	85100
503	201604	51	84500	82800	256897	11829	85100
504	201604	52	84500	82800	256897	11829	85100
505	201604	53	84600	82800	256897	11829	85100
506	201604	54	84600	82800	256897	11829	85100
507	201604	55	84700	82800	256897	11829	85100
508	201604	56	84800	82800	256897	11829	85100
509	201604	57	84800	82800	256897	11829	85100
510	201604	58	84900	82800	256897	11829	85100
511	201604	59	85000	82800	256897	11829	85100
354	201603	30	81800	80600	221109	8310	83100
355	201603	31	81900	80600	221109	8310	83100
356	201603	32	81900	80600	221109	8310	83100
357	201603	33	82000	80600	221109	8310	83100
358	201603	34	82000	80600	221109	8310	83100
359	201603	35	82100	80600	221109	8310	83100
360	201603	36	82100	80600	221109	8310	83100
361	201603	37	82100	80600	221109	8310	83100
362	201603	38	82100	80600	221109	8310	83100
363	201603	39	82100	80600	221109	8310	83100
364	201603	40	82100	80600	221109	8310	83100
365	201603	41	82100	80600	221109	8310	83100
366	201603	42	82200	80600	221109	8310	83100
367	201603	43	82200	80600	221109	8310	83100
368	201603	44	82200	80600	221109	8310	83100
369	201603	45	82300	80600	221109	8310	83100
370	201603	46	82400	80600	221109	8310	83100
371	201603	47	82400	80600	221109	8310	83100
372	201603	48	82500	80600	221109	8310	83100
373	201603	49	82500	80600	221109	8310	83100
374	201603	50	82600	80600	221109	8310	83100
375	201603	51	82700	80600	221109	8310	83100
376	201603	52	82800	80600	221109	8310	83100
377	201603	53	82800	80600	221109	8310	83100
378	201603	54	82900	80600	221109	8310	83100
379	201603	55	83000	80600	221109	8310	83100
380	201603	56	83000	80600	221109	8310	83100
381	201603	57	83000	80600	221109	8310	83100
382	201603	58	83000	80600	221109	8310	83100
383	201603	59	83100	80600	221109	8310	83100
226	201602	30	81800	80600	196470	8363	83200
227	201602	31	81900	80600	196470	8363	83200
228	201602	32	81900	80600	196470	8363	83200
229	201602	33	82000	80600	196470	8363	83200
230	201602	34	82000	80600	196470	8363	83200
231	201602	35	82100	80600	196470	8363	83200
232	201602	36	82100	80600	196470	8363	83200
233	201602	37	82100	80600	196470	8363	83200
234	201602	38	82100	80600	196470	8363	83200
235	201602	39	82100	80600	196470	8363	83200
236	201602	40	82200	80600	196470	8363	83200
237	201602	41	82200	80600	196470	8363	83200
238	201602	42	82300	80600	196470	8363	83200
239	201602	43	82300	80600	196470	8363	83200
240	201602	44	82400	80600	196470	8363	83200
241	201602	45	82400	80600	196470	8363	83200
242	201602	46	82500	80600	196470	8363	83200
243	201602	47	82600	80600	196470	8363	83200
244	201602	48	82600	80600	196470	8363	83200
245	201602	49	82700	80600	196470	8363	83200
246	201602	50	82700	80600	196470	8363	83200
247	201602	51	82800	80600	196470	8363	83200
248	201602	52	82900	80600	196470	8363	83200
249	201602	53	83000	80600	196470	8363	83200
250	201602	54	83000	80600	196470	8363	83200
251	201602	55	83000	80600	196470	8363	83200
252	201602	56	83100	80600	196470	8363	83200
253	201602	57	83100	80600	196470	8363	83200
254	201602	58	83200	80600	196470	8363	83200
255	201602	59	83200	80600	196470	8363	83200
98	201601	30	81800	80600	187533	9409	82200
99	201601	31	81800	80600	187533	9409	82200
100	201601	32	81800	80600	187533	9409	82200
101	201601	33	81800	80600	187533	9409	82200
102	201601	34	81800	80600	187533	9409	82200
103	201601	35	81800	80600	187533	9409	82200
104	201601	36	81800	80600	187533	9409	82200
105	201601	37	81800	80600	187533	9409	82200
106	201601	38	81800	80600	187533	9409	82200
107	201601	39	81800	80600	187533	9409	82200
108	201601	40	81800	80600	187533	9409	82200
109	201601	41	81800	80600	187533	9409	82200
110	201601	42	81800	80600	187533	9409	82200
111	201601	43	81800	80600	187533	9409	82200
112	201601	44	81900	80600	187533	9409	82200
113	201601	45	81900	80600	187533	9409	82200
114	201601	46	81900	80600	187533	9409	82200
115	201601	47	82000	80600	187533	9409	82200
116	201601	48	82000	80600	187533	9409	82200
117	201601	49	82000	80600	187533	9409	82200
118	201601	50	82100	80600	187533	9409	82200
119	201601	51	82100	80600	187533	9409	82200
120	201601	52	82100	80600	187533	9409	82200
121	201601	53	82100	80600	187533	9409	82200
122	201601	54	82200	80600	187533	9409	82200
123	201601	55	82200	80600	187533	9409	82200
124	201601	56	82200	80600	187533	9409	82200
125	201601	57	82200	80600	187533	9409	82200
126	201601	58	82200	80600	187533	9409	82200
127	201601	59	82200	80600	187533	9409	82200
2979	201512	30	83800	82600	179133	7698	84500
2980	201512	31	83800	82600	179133	7698	84500
2981	201512	32	83800	82600	179133	7698	84500
2982	201512	33	83800	82600	179133	7698	84500
2983	201512	34	83800	82600	179133	7698	84500
2984	201512	35	83800	82600	179133	7698	84500
2985	201512	36	83800	82600	179133	7698	84500
2986	201512	37	83800	82600	179133	7698	84500
2987	201512	38	83800	82600	179133	7698	84500
2988	201512	39	83800	82600	179133	7698	84500
2989	201512	40	83800	82600	179133	7698	84500
2990	201512	41	83800	82600	179133	7698	84500
2991	201512	42	83800	82600	179133	7698	84500
2992	201512	43	83900	82600	179133	7698	84500
2993	201512	44	83900	82600	179133	7698	84500
2994	201512	45	83900	82600	179133	7698	84500
2995	201512	46	84000	82600	179133	7698	84500
2996	201512	47	84000	82600	179133	7698	84500
2997	201512	48	84000	82600	179133	7698	84500
2998	201512	49	84100	82600	179133	7698	84500
2999	201512	50	84100	82600	179133	7698	84500
3000	201512	51	84100	82600	179133	7698	84500
3001	201512	52	84100	82600	179133	7698	84500
3002	201512	53	84100	82600	179133	7698	84500
3003	201512	54	84200	82600	179133	7698	84500
3004	201512	55	84200	82600	179133	7698	84500
3005	201512	56	84200	82600	179133	7698	84500
3006	201512	57	84300	82600	179133	7698	84500
3007	201512	58	84400	82600	179133	7698	84500
3008	201512	59	84400	82600	179133	7698	84500
2851	201511	30	83800	82600	169159	7514	84600
2852	201511	31	83800	82600	169159	7514	84600
2853	201511	32	83800	82600	169159	7514	84600
2854	201511	33	83800	82600	169159	7514	84600
2855	201511	34	83800	82600	169159	7514	84600
2856	201511	35	83800	82600	169159	7514	84600
2857	201511	36	83900	82600	169159	7514	84600
2858	201511	37	83900	82600	169159	7514	84600
2859	201511	38	83900	82600	169159	7514	84600
2860	201511	39	83900	82600	169159	7514	84600
2861	201511	40	84000	82600	169159	7514	84600
2862	201511	41	84000	82600	169159	7514	84600
2863	201511	42	84000	82600	169159	7514	84600
2864	201511	43	84100	82600	169159	7514	84600
2865	201511	44	84100	82600	169159	7514	84600
2866	201511	45	84100	82600	169159	7514	84600
2867	201511	46	84100	82600	169159	7514	84600
2868	201511	47	84100	82600	169159	7514	84600
2869	201511	48	84100	82600	169159	7514	84600
2870	201511	49	84100	82600	169159	7514	84600
2871	201511	50	84100	82600	169159	7514	84600
2872	201511	51	84200	82600	169159	7514	84600
2873	201511	52	84200	82600	169159	7514	84600
2874	201511	53	84300	82600	169159	7514	84600
2875	201511	54	84300	82600	169159	7514	84600
2876	201511	55	84300	82600	169159	7514	84600
2877	201511	56	84400	82600	169159	7514	84600
2878	201511	57	84500	82600	169159	7514	84600
2879	201511	58	84500	82600	169159	7514	84600
2880	201511	59	84600	82600	169159	7514	84600
2723	201510	30	84200	82600	170995	7763	85300
2724	201510	31	84200	82600	170995	7763	85300
2725	201510	32	84200	82600	170995	7763	85300
2726	201510	33	84300	82600	170995	7763	85300
2727	201510	34	84300	82600	170995	7763	85300
2728	201510	35	84300	82600	170995	7763	85300
2729	201510	36	84400	82600	170995	7763	85300
2730	201510	37	84400	82600	170995	7763	85300
2731	201510	38	84400	82600	170995	7763	85300
2732	201510	39	84400	82600	170995	7763	85300
2733	201510	40	84500	82600	170995	7763	85300
2734	201510	41	84500	82600	170995	7763	85300
2735	201510	42	84500	82600	170995	7763	85300
2736	201510	43	84600	82600	170995	7763	85300
2737	201510	44	84600	82600	170995	7763	85300
2738	201510	45	84600	82600	170995	7763	85300
2739	201510	46	84700	82600	170995	7763	85300
2740	201510	47	84700	82600	170995	7763	85300
2741	201510	48	84800	82600	170995	7763	85300
2742	201510	49	84800	82600	170995	7763	85300
2743	201510	50	84900	82600	170995	7763	85300
2744	201510	51	84900	82600	170995	7763	85300
2745	201510	52	85000	82600	170995	7763	85300
2746	201510	53	85000	82600	170995	7763	85300
2747	201510	54	85100	82600	170995	7763	85300
2748	201510	55	85200	82600	170995	7763	85300
2749	201510	56	85200	82600	170995	7763	85300
2750	201510	57	85300	82600	170995	7763	85300
2751	201510	58	85300	82600	170995	7763	85300
2752	201510	59	85300	82600	170995	7763	85300
2593	201509	30	81200	79900	165765	8727	82100
2594	201509	31	81200	79900	165765	8727	82100
2595	201509	32	81300	79900	165765	8727	82100
2596	201509	33	81300	79900	165765	8727	82100
2597	201509	34	81400	79900	165765	8727	82100
2598	201509	35	81400	79900	165765	8727	82100
2599	201509	36	81400	79900	165765	8727	82100
2600	201509	37	81400	79900	165765	8727	82100
2601	201509	38	81400	79900	165765	8727	82100
2602	201509	39	81400	79900	165765	8727	82100
2603	201509	40	81400	79900	165765	8727	82100
2604	201509	41	81400	79900	165765	8727	82100
2605	201509	42	81400	79900	165765	8727	82100
2606	201509	43	81400	79900	165765	8727	82100
2607	201509	44	81500	79900	165765	8727	82100
2608	201509	45	81500	79900	165765	8727	82100
2609	201509	46	81500	79900	165765	8727	82100
2610	201509	47	81500	79900	165765	8727	82100
2611	201509	48	81600	79900	165765	8727	82100
2612	201509	49	81600	79900	165765	8727	82100
2613	201509	50	81700	79900	165765	8727	82100
2614	201509	51	81700	79900	165765	8727	82100
2615	201509	52	81700	79900	165765	8727	82100
2616	201509	53	81800	79900	165765	8727	82100
2617	201509	54	81800	79900	165765	8727	82100
2618	201509	55	81800	79900	165765	8727	82100
2619	201509	56	81900	79900	165765	8727	82100
2620	201509	57	82000	79900	165765	8727	82100
2621	201509	58	82000	79900	165765	8727	82100
2622	201509	59	82000	79900	165765	8727	82100
2465	201508	30	81500	79900	166939	7454	82600
2466	201508	31	81500	79900	166939	7454	82600
2467	201508	32	81600	79900	166939	7454	82600
2468	201508	33	81600	79900	166939	7454	82600
2469	201508	34	81600	79900	166939	7454	82600
2470	201508	35	81700	79900	166939	7454	82600
2471	201508	36	81700	79900	166939	7454	82600
2472	201508	37	81700	79900	166939	7454	82600
2473	201508	38	81700	79900	166939	7454	82600
2474	201508	39	81800	79900	166939	7454	82600
2475	201508	40	81800	79900	166939	7454	82600
2476	201508	41	81800	79900	166939	7454	82600
2477	201508	42	81800	79900	166939	7454	82600
2478	201508	43	81900	79900	166939	7454	82600
2479	201508	44	81900	79900	166939	7454	82600
2480	201508	45	81900	79900	166939	7454	82600
2481	201508	46	82000	79900	166939	7454	82600
2482	201508	47	82000	79900	166939	7454	82600
2483	201508	48	82000	79900	166939	7454	82600
2484	201508	49	82000	79900	166939	7454	82600
2485	201508	50	82100	79900	166939	7454	82600
2486	201508	51	82100	79900	166939	7454	82600
2487	201508	52	82200	79900	166939	7454	82600
2488	201508	53	82200	79900	166939	7454	82600
2489	201508	54	82300	79900	166939	7454	82600
2490	201508	55	82400	79900	166939	7454	82600
2491	201508	56	82500	79900	166939	7454	82600
2492	201508	57	82500	79900	166939	7454	82600
2493	201508	58	82500	79900	166939	7454	82600
2494	201508	59	82600	79900	166939	7454	82600
2337	201507	30	82000	79900	166302	7531	83100
2338	201507	31	82000	79900	166302	7531	83100
2339	201507	32	82000	79900	166302	7531	83100
2340	201507	33	82000	79900	166302	7531	83100
2341	201507	34	82100	79900	166302	7531	83100
2342	201507	35	82100	79900	166302	7531	83100
2343	201507	36	82100	79900	166302	7531	83100
2344	201507	37	82200	79900	166302	7531	83100
2345	201507	38	82200	79900	166302	7531	83100
2346	201507	39	82300	79900	166302	7531	83100
2347	201507	40	82300	79900	166302	7531	83100
2348	201507	41	82300	79900	166302	7531	83100
2349	201507	42	82400	79900	166302	7531	83100
2350	201507	43	82400	79900	166302	7531	83100
2351	201507	44	82500	79900	166302	7531	83100
2352	201507	45	82500	79900	166302	7531	83100
2353	201507	46	82500	79900	166302	7531	83100
2354	201507	47	82600	79900	166302	7531	83100
2355	201507	48	82600	79900	166302	7531	83100
2356	201507	49	82600	79900	166302	7531	83100
2357	201507	50	82700	79900	166302	7531	83100
2358	201507	51	82800	79900	166302	7531	83100
2359	201507	52	82800	79900	166302	7531	83100
2360	201507	53	82800	79900	166302	7531	83100
2361	201507	54	82900	79900	166302	7531	83100
2362	201507	55	83000	79900	166302	7531	83100
2363	201507	56	83000	79900	166302	7531	83100
2364	201507	57	83000	79900	166302	7531	83100
2365	201507	58	83000	79900	166302	7531	83100
2366	201507	59	83100	79900	166302	7531	83100
2206	201506	30	78600	75200	172205	7441	80000
2207	201506	31	78600	75200	172205	7441	80000
2208	201506	32	78700	75200	172205	7441	80000
2209	201506	33	78700	75200	172205	7441	80000
2210	201506	34	78800	75200	172205	7441	80000
2211	201506	35	78800	75200	172205	7441	80000
2212	201506	36	78900	75200	172205	7441	80000
2213	201506	37	79000	75200	172205	7441	80000
2214	201506	38	79000	75200	172205	7441	80000
2215	201506	39	79100	75200	172205	7441	80000
2216	201506	40	79100	75200	172205	7441	80000
2217	201506	41	79100	75200	172205	7441	80000
2218	201506	42	79200	75200	172205	7441	80000
2219	201506	43	79200	75200	172205	7441	80000
2220	201506	44	79200	75200	172205	7441	80000
2221	201506	45	79300	75200	172205	7441	80000
2222	201506	46	79400	75200	172205	7441	80000
2223	201506	47	79400	75200	172205	7441	80000
2224	201506	48	79500	75200	172205	7441	80000
2225	201506	49	79500	75200	172205	7441	80000
2226	201506	50	79600	75200	172205	7441	80000
2227	201506	51	79600	75200	172205	7441	80000
2228	201506	52	79600	75200	172205	7441	80000
2229	201506	53	79700	75200	172205	7441	80000
2230	201506	54	79700	75200	172205	7441	80000
2231	201506	55	79800	75200	172205	7441	80000
2232	201506	56	79800	75200	172205	7441	80000
2233	201506	57	79900	75200	172205	7441	80000
2234	201506	58	79900	75200	172205	7441	80000
2235	201506	59	79900	75200	172205	7441	80000
2066	201505	30	78600	75200	156007	7482	79000
2067	201505	31	78600	75200	156007	7482	79000
2068	201505	32	78600	75200	156007	7482	79000
2069	201505	33	78600	75200	156007	7482	79000
2070	201505	34	78600	75200	156007	7482	79000
2071	201505	35	78600	75200	156007	7482	79000
2072	201505	36	78600	75200	156007	7482	79000
2073	201505	37	78600	75200	156007	7482	79000
2074	201505	38	78600	75200	156007	7482	79000
2075	201505	39	78600	75200	156007	7482	79000
2076	201505	40	78700	75200	156007	7482	79000
2077	201505	41	78700	75200	156007	7482	79000
2078	201505	42	78700	75200	156007	7482	79000
2079	201505	43	78800	75200	156007	7482	79000
2080	201505	44	78800	75200	156007	7482	79000
2081	201505	45	78800	75200	156007	7482	79000
2082	201505	46	78800	75200	156007	7482	79000
2083	201505	47	78800	75200	156007	7482	79000
2084	201505	48	78800	75200	156007	7482	79000
2085	201505	49	78800	75200	156007	7482	79000
2086	201505	50	78800	75200	156007	7482	79000
2087	201505	51	78900	75200	156007	7482	79000
2088	201505	52	78900	75200	156007	7482	79000
2089	201505	53	78900	75200	156007	7482	79000
2090	201505	54	78900	75200	156007	7482	79000
2091	201505	55	78900	75200	156007	7482	79000
2092	201505	56	78900	75200	156007	7482	79000
2093	201505	57	78900	75200	156007	7482	79000
2094	201505	58	78900	75200	156007	7482	79000
2095	201505	59	79000	75200	156007	7482	79000
1919	201504	30	80100	75200	152298	8288	80600
1920	201504	31	80100	75200	152298	8288	80600
1921	201504	32	80100	75200	152298	8288	80600
1922	201504	33	80100	75200	152298	8288	80600
1923	201504	34	80100	75200	152298	8288	80600
1924	201504	35	80100	75200	152298	8288	80600
1925	201504	36	80100	75200	152298	8288	80600
1926	201504	37	80100	75200	152298	8288	80600
1927	201504	38	80200	75200	152298	8288	80600
1928	201504	39	80200	75200	152298	8288	80600
1929	201504	40	80300	75200	152298	8288	80600
1930	201504	41	80300	75200	152298	8288	80600
1931	201504	42	80300	75200	152298	8288	80600
1932	201504	43	80300	75200	152298	8288	80600
1933	201504	44	80300	75200	152298	8288	80600
1934	201504	45	80300	75200	152298	8288	80600
1935	201504	46	80300	75200	152298	8288	80600
1936	201504	47	80300	75200	152298	8288	80600
1937	201504	48	80300	75200	152298	8288	80600
1938	201504	49	80400	75200	152298	8288	80600
1939	201504	50	80400	75200	152298	8288	80600
1940	201504	51	80400	75200	152298	8288	80600
1941	201504	52	80400	75200	152298	8288	80600
1942	201504	53	80500	75200	152298	8288	80600
1943	201504	54	80500	75200	152298	8288	80600
1944	201504	55	80600	75200	152298	8288	80600
1945	201504	56	80600	75200	152298	8288	80600
1946	201504	57	80600	75200	152298	8288	80600
1947	201504	58	80600	75200	152298	8288	80600
1948	201504	59	80600	75200	152298	8288	80600
1756	201503	30	74600	73700	132690	7406	74600
1757	201503	31	74600	73700	132690	7406	74600
1758	201503	32	74600	73700	132690	7406	74600
1759	201503	33	74600	73700	132690	7406	74600
1760	201503	34	74600	73700	132690	7406	74600
1761	201503	35	74600	73700	132690	7406	74600
1762	201503	36	74600	73700	132690	7406	74600
1763	201503	37	74600	73700	132690	7406	74600
1764	201503	38	74600	73700	132690	7406	74600
1765	201503	39	74600	73700	132690	7406	74600
1766	201503	40	74600	73700	132690	7406	74600
1767	201503	41	74600	73700	132690	7406	74600
1768	201503	42	74600	73700	132690	7406	74600
1769	201503	43	74600	73700	132690	7406	74600
1770	201503	44	74600	73700	132690	7406	74600
1771	201503	45	74600	73700	132690	7406	74600
1772	201503	46	74600	73700	132690	7406	74600
1773	201503	47	74600	73700	132690	7406	74600
1774	201503	48	74600	73700	132690	7406	74600
1775	201503	49	74600	73700	132690	7406	74600
1776	201503	50	74600	73700	132690	7406	74600
1777	201503	51	74600	73700	132690	7406	74600
1778	201503	52	74600	73700	132690	7406	74600
1779	201503	53	74600	73700	132690	7406	74600
1780	201503	54	74600	73700	132690	7406	74600
1781	201503	55	74600	73700	132690	7406	74600
1782	201503	56	74600	73700	132690	7406	74600
1783	201503	57	74600	73700	132690	7406	74600
1784	201503	58	74600	73700	132690	7406	74600
1785	201503	59	74600	73700	132690	7406	74600
1623	201502	30	76100	73700	103224	7653	76500
1624	201502	31	76200	73700	103224	7653	76500
1625	201502	32	76200	73700	103224	7653	76500
1626	201502	33	76200	73700	103224	7653	76500
1627	201502	34	76200	73700	103224	7653	76500
1628	201502	35	76200	73700	103224	7653	76500
1629	201502	36	76200	73700	103224	7653	76500
1630	201502	37	76200	73700	103224	7653	76500
1631	201502	38	76200	73700	103224	7653	76500
1632	201502	39	76200	73700	103224	7653	76500
1633	201502	40	76200	73700	103224	7653	76500
1634	201502	41	76200	73700	103224	7653	76500
1635	201502	42	76200	73700	103224	7653	76500
1636	201502	43	76200	73700	103224	7653	76500
1637	201502	44	76200	73700	103224	7653	76500
1638	201502	45	76200	73700	103224	7653	76500
1639	201502	46	76200	73700	103224	7653	76500
1640	201502	47	76300	73700	103224	7653	76500
1641	201502	48	76300	73700	103224	7653	76500
1642	201502	49	76300	73700	103224	7653	76500
1643	201502	50	76300	73700	103224	7653	76500
1644	201502	51	76300	73700	103224	7653	76500
1645	201502	52	76300	73700	103224	7653	76500
1646	201502	53	76300	73700	103224	7653	76500
1647	201502	54	76400	73700	103224	7653	76500
1648	201502	55	76400	73700	103224	7653	76500
1649	201502	56	76400	73700	103224	7653	76500
1650	201502	57	76400	73700	103224	7653	76500
1651	201502	58	76500	73700	103224	7653	76500
1652	201502	59	76500	73700	103224	7653	76500
1484	201501	30	74000	73700	98203	7990	74000
1485	201501	31	74000	73700	98203	7990	74000
1486	201501	32	74000	73700	98203	7990	74000
1487	201501	33	74000	73700	98203	7990	74000
1488	201501	34	74000	73700	98203	7990	74000
1489	201501	35	74000	73700	98203	7990	74000
1490	201501	36	74000	73700	98203	7990	74000
1491	201501	37	74000	73700	98203	7990	74000
1492	201501	38	74000	73700	98203	7990	74000
1493	201501	39	74000	73700	98203	7990	74000
1494	201501	40	74000	73700	98203	7990	74000
1495	201501	41	74000	73700	98203	7990	74000
1496	201501	42	74000	73700	98203	7990	74000
1497	201501	43	74000	73700	98203	7990	74000
1498	201501	44	74000	73700	98203	7990	74000
1499	201501	45	74000	73700	98203	7990	74000
1500	201501	46	74000	73700	98203	7990	74000
1501	201501	47	74000	73700	98203	7990	74000
1502	201501	48	74000	73700	98203	7990	74000
1503	201501	49	74000	73700	98203	7990	74000
1504	201501	50	74000	73700	98203	7990	74000
1505	201501	51	74000	73700	98203	7990	74000
1506	201501	52	74000	73700	98203	7990	74000
1507	201501	53	74000	73700	98203	7990	74000
1508	201501	54	74000	73700	98203	7990	74000
1509	201501	55	74000	73700	98203	7990	74000
1510	201501	56	74000	73700	98203	7990	74000
1511	201501	57	74000	73700	98203	7990	74000
1512	201501	58	74000	73700	98203	7990	74000
1513	201501	59	74000	73700	98203	7990	74000
4459	201412	30	72900	72600	96972	7447	73600
4460	201412	31	72900	72600	96972	7447	73600
4461	201412	32	72900	72600	96972	7447	73600
4462	201412	33	72900	72600	96972	7447	73600
4463	201412	34	72900	72600	96972	7447	73600
4464	201412	35	72900	72600	96972	7447	73600
4465	201412	36	72900	72600	96972	7447	73600
4466	201412	37	72900	72600	96972	7447	73600
4467	201412	38	72900	72600	96972	7447	73600
4468	201412	39	72900	72600	96972	7447	73600
4469	201412	40	72900	72600	96972	7447	73600
4470	201412	41	72900	72600	96972	7447	73600
4471	201412	42	72900	72600	96972	7447	73600
4472	201412	43	73000	72600	96972	7447	73600
4473	201412	44	73100	72600	96972	7447	73600
4474	201412	45	73100	72600	96972	7447	73600
4475	201412	46	73200	72600	96972	7447	73600
4476	201412	47	73200	72600	96972	7447	73600
4477	201412	48	73200	72600	96972	7447	73600
4478	201412	49	73200	72600	96972	7447	73600
4479	201412	50	73200	72600	96972	7447	73600
4480	201412	51	73200	72600	96972	7447	73600
4481	201412	52	73300	72600	96972	7447	73600
4482	201412	53	73400	72600	96972	7447	73600
4483	201412	54	73500	72600	96972	7447	73600
4484	201412	55	73500	72600	96972	7447	73600
4485	201412	56	73500	72600	96972	7447	73600
4486	201412	57	73500	72600	96972	7447	73600
4487	201412	58	73500	72600	96972	7447	73600
4488	201412	59	73600	72600	96972	7447	73600
4337	201411	30	72900	72600	95595	7400	73500
4338	201411	31	72900	72600	95595	7400	73500
4339	201411	32	72900	72600	95595	7400	73500
4340	201411	33	72900	72600	95595	7400	73500
4341	201411	34	72900	72600	95595	7400	73500
4342	201411	35	72900	72600	95595	7400	73500
4343	201411	36	72900	72600	95595	7400	73500
4344	201411	37	72900	72600	95595	7400	73500
4345	201411	38	72900	72600	95595	7400	73500
4346	201411	39	72900	72600	95595	7400	73500
4347	201411	40	72900	72600	95595	7400	73500
4348	201411	41	72900	72600	95595	7400	73500
4349	201411	42	72900	72600	95595	7400	73500
4350	201411	43	72900	72600	95595	7400	73500
4351	201411	44	72900	72600	95595	7400	73500
4352	201411	45	72900	72600	95595	7400	73500
4353	201411	46	73100	72600	95595	7400	73500
4354	201411	47	73200	72600	95595	7400	73500
4355	201411	48	73200	72600	95595	7400	73500
4356	201411	49	73200	72600	95595	7400	73500
4357	201411	50	73200	72600	95595	7400	73500
4358	201411	51	73200	72600	95595	7400	73500
4359	201411	52	73300	72600	95595	7400	73500
4360	201411	53	73300	72600	95595	7400	73500
4361	201411	54	73400	72600	95595	7400	73500
4362	201411	55	73400	72600	95595	7400	73500
4363	201411	56	73500	72600	95595	7400	73500
4364	201411	57	73500	72600	95595	7400	73500
4365	201411	58	73500	72600	95595	7400	73500
4366	201411	59	73500	72600	95595	7400	73500
4215	201410	30	73200	72600	105532	7400	74000
4216	201410	31	73200	72600	105532	7400	74000
4217	201410	32	73200	72600	105532	7400	74000
4218	201410	33	73200	72600	105532	7400	74000
4219	201410	34	73200	72600	105532	7400	74000
4220	201410	35	73200	72600	105532	7400	74000
4221	201410	36	73200	72600	105532	7400	74000
4222	201410	37	73300	72600	105532	7400	74000
4223	201410	38	73300	72600	105532	7400	74000
4224	201410	39	73400	72600	105532	7400	74000
4225	201410	40	73500	72600	105532	7400	74000
4226	201410	41	73500	72600	105532	7400	74000
4227	201410	42	73500	72600	105532	7400	74000
4228	201410	43	73500	72600	105532	7400	74000
4229	201410	44	73500	72600	105532	7400	74000
4230	201410	45	73600	72600	105532	7400	74000
4231	201410	46	73600	72600	105532	7400	74000
4232	201410	47	73600	72600	105532	7400	74000
4233	201410	48	73700	72600	105532	7400	74000
4234	201410	49	73800	72600	105532	7400	74000
4235	201410	50	73800	72600	105532	7400	74000
4236	201410	51	73800	72600	105532	7400	74000
4237	201410	52	73800	72600	105532	7400	74000
4238	201410	53	73800	72600	105532	7400	74000
4239	201410	54	73800	72600	105532	7400	74000
4240	201410	55	73800	72600	105532	7400	74000
4241	201410	56	73900	72600	105532	7400	74000
4242	201410	57	73900	72600	105532	7400	74000
4243	201410	58	73900	72600	105532	7400	74000
4244	201410	59	73900	72600	105532	7400	74000
4091	201409	30	73200	72600	122219	8300	73800
4092	201409	31	73200	72600	122219	8300	73800
4093	201409	32	73200	72600	122219	8300	73800
4094	201409	33	73200	72600	122219	8300	73800
4095	201409	34	73200	72600	122219	8300	73800
4096	201409	35	73200	72600	122219	8300	73800
4097	201409	36	73200	72600	122219	8300	73800
4098	201409	37	73300	72600	122219	8300	73800
4099	201409	38	73300	72600	122219	8300	73800
4100	201409	39	73300	72600	122219	8300	73800
4101	201409	40	73300	72600	122219	8300	73800
4102	201409	41	73400	72600	122219	8300	73800
4103	201409	42	73400	72600	122219	8300	73800
4104	201409	43	73400	72600	122219	8300	73800
4105	201409	44	73500	72600	122219	8300	73800
4106	201409	45	73500	72600	122219	8300	73800
4107	201409	46	73500	72600	122219	8300	73800
4108	201409	47	73500	72600	122219	8300	73800
4109	201409	48	73500	72600	122219	8300	73800
4110	201409	49	73500	72600	122219	8300	73800
4111	201409	50	73500	72600	122219	8300	73800
4112	201409	51	73500	72600	122219	8300	73800
4113	201409	52	73500	72600	122219	8300	73800
4114	201409	53	73500	72600	122219	8300	73800
4115	201409	54	73600	72600	122219	8300	73800
4116	201409	55	73700	72600	122219	8300	73800
4117	201409	56	73700	72600	122219	8300	73800
4118	201409	57	73800	72600	122219	8300	73800
4119	201409	58	73800	72600	122219	8300	73800
4120	201409	59	73800	72600	122219	8300	73800
3966	201408	30	73200	72600	121550	7400	73600
3967	201408	31	73200	72600	121550	7400	73600
3968	201408	32	73200	72600	121550	7400	73600
3969	201408	33	73200	72600	121550	7400	73600
3970	201408	34	73200	72600	121550	7400	73600
3971	201408	35	73200	72600	121550	7400	73600
3972	201408	36	73200	72600	121550	7400	73600
3973	201408	37	73200	72600	121550	7400	73600
3974	201408	38	73200	72600	121550	7400	73600
3975	201408	39	73200	72600	121550	7400	73600
3976	201408	40	73200	72600	121550	7400	73600
3977	201408	41	73200	72600	121550	7400	73600
3978	201408	42	73200	72600	121550	7400	73600
3979	201408	43	73300	72600	121550	7400	73600
3980	201408	44	73300	72600	121550	7400	73600
3981	201408	45	73400	72600	121550	7400	73600
3982	201408	46	73400	72600	121550	7400	73600
3983	201408	47	73500	72600	121550	7400	73600
3984	201408	48	73500	72600	121550	7400	73600
3985	201408	49	73500	72600	121550	7400	73600
3986	201408	50	73500	72600	121550	7400	73600
3987	201408	51	73500	72600	121550	7400	73600
3988	201408	52	73500	72600	121550	7400	73600
3989	201408	53	73500	72600	121550	7400	73600
3990	201408	54	73500	72600	121550	7400	73600
3991	201408	55	73500	72600	121550	7400	73600
3992	201408	56	73500	72600	121550	7400	73600
3993	201408	57	73500	72600	121550	7400	73600
3994	201408	58	73600	72600	121550	7400	73600
3995	201408	59	73600	72600	121550	7400	73600
3841	201407	30	74000	72600	136098	7400	74600
3842	201407	31	74100	72600	136098	7400	74600
3843	201407	32	74100	72600	136098	7400	74600
3844	201407	33	74100	72600	136098	7400	74600
3845	201407	34	74100	72600	136098	7400	74600
3846	201407	35	74100	72600	136098	7400	74600
3847	201407	36	74100	72600	136098	7400	74600
3848	201407	37	74100	72600	136098	7400	74600
3849	201407	38	74200	72600	136098	7400	74600
3850	201407	39	74200	72600	136098	7400	74600
3851	201407	40	74200	72600	136098	7400	74600
3852	201407	41	74200	72600	136098	7400	74600
3853	201407	42	74200	72600	136098	7400	74600
3854	201407	43	74200	72600	136098	7400	74600
3855	201407	44	74300	72600	136098	7400	74600
3856	201407	45	74300	72600	136098	7400	74600
3857	201407	46	74300	72600	136098	7400	74600
3858	201407	47	74300	72600	136098	7400	74600
3859	201407	48	74400	72600	136098	7400	74600
3860	201407	49	74400	72600	136098	7400	74600
3861	201407	50	74400	72600	136098	7400	74600
3862	201407	51	74400	72600	136098	7400	74600
3863	201407	52	74400	72600	136098	7400	74600
3864	201407	53	74400	72600	136098	7400	74600
3865	201407	54	74400	72600	136098	7400	74600
3866	201407	55	74500	72600	136098	7400	74600
3867	201407	56	74500	72600	136098	7400	74600
3868	201407	57	74500	72600	136098	7400	74600
3869	201407	58	74500	72600	136098	7400	74600
3870	201407	59	74500	72600	136098	7400	74600
3716	201406	30	73500	72600	135677	7400	73800
3717	201406	31	73500	72600	135677	7400	73800
3718	201406	32	73500	72600	135677	7400	73800
3719	201406	33	73500	72600	135677	7400	73800
3720	201406	34	73500	72600	135677	7400	73800
3721	201406	35	73500	72600	135677	7400	73800
3722	201406	36	73500	72600	135677	7400	73800
3723	201406	37	73500	72600	135677	7400	73800
3724	201406	38	73500	72600	135677	7400	73800
3725	201406	39	73500	72600	135677	7400	73800
3726	201406	40	73500	72600	135677	7400	73800
3727	201406	41	73500	72600	135677	7400	73800
3728	201406	42	73500	72600	135677	7400	73800
3729	201406	43	73500	72600	135677	7400	73800
3730	201406	44	73500	72600	135677	7400	73800
3731	201406	45	73500	72600	135677	7400	73800
3732	201406	46	73500	72600	135677	7400	73800
3733	201406	47	73500	72600	135677	7400	73800
3734	201406	48	73500	72600	135677	7400	73800
3735	201406	49	73500	72600	135677	7400	73800
3736	201406	50	73600	72600	135677	7400	73800
3737	201406	51	73600	72600	135677	7400	73800
3738	201406	52	73700	72600	135677	7400	73800
3739	201406	53	73700	72600	135677	7400	73800
3740	201406	54	73800	72600	135677	7400	73800
3741	201406	55	73800	72600	135677	7400	73800
3742	201406	56	73800	72600	135677	7400	73800
3743	201406	57	73800	72600	135677	7400	73800
3744	201406	58	73800	72600	135677	7400	73800
3745	201406	59	73800	72600	135677	7400	73800
3591	201405	30	73600	72600	114121	7400	74400
3592	201405	31	73600	72600	114121	7400	74400
3593	201405	32	73700	72600	114121	7400	74400
3594	201405	33	73700	72600	114121	7400	74400
3595	201405	34	73800	72600	114121	7400	74400
3596	201405	35	73800	72600	114121	7400	74400
3597	201405	36	73800	72600	114121	7400	74400
3598	201405	37	73800	72600	114121	7400	74400
3599	201405	38	73800	72600	114121	7400	74400
3600	201405	39	73800	72600	114121	7400	74400
3601	201405	40	73800	72600	114121	7400	74400
3602	201405	41	73900	72600	114121	7400	74400
3603	201405	42	74000	72600	114121	7400	74400
3604	201405	43	74100	72600	114121	7400	74400
3605	201405	44	74100	72600	114121	7400	74400
3606	201405	45	74100	72600	114121	7400	74400
3607	201405	46	74100	72600	114121	7400	74400
3608	201405	47	74100	72600	114121	7400	74400
3609	201405	48	74100	72600	114121	7400	74400
3610	201405	49	74200	72600	114121	7400	74400
3611	201405	50	74200	72600	114121	7400	74400
3612	201405	51	74200	72600	114121	7400	74400
3613	201405	52	74300	72600	114121	7400	74400
3614	201405	53	74300	72600	114121	7400	74400
3615	201405	54	74400	72600	114121	7400	74400
3616	201405	55	74400	72600	114121	7400	74400
3617	201405	56	74400	72600	114121	7400	74400
3618	201405	57	74400	72600	114121	7400	74400
3619	201405	58	74400	72600	114121	7400	74400
3620	201405	59	74400	72600	114121	7400	74400
3468	201404	30	73300	72600	94241	8200	74000
3469	201404	31	73400	72600	94241	8200	74000
3470	201404	32	73400	72600	94241	8200	74000
3471	201404	33	73500	72600	94241	8200	74000
3472	201404	34	73500	72600	94241	8200	74000
3473	201404	35	73500	72600	94241	8200	74000
3474	201404	36	73500	72600	94241	8200	74000
3475	201404	37	73500	72600	94241	8200	74000
3476	201404	38	73500	72600	94241	8200	74000
3477	201404	39	73500	72600	94241	8200	74000
3478	201404	40	73500	72600	94241	8200	74000
3479	201404	41	73500	72600	94241	8200	74000
3480	201404	42	73500	72600	94241	8200	74000
3481	201404	43	73600	72600	94241	8200	74000
3482	201404	44	73700	72600	94241	8200	74000
3483	201404	45	73700	72600	94241	8200	74000
3484	201404	46	73800	72600	94241	8200	74000
3485	201404	47	73800	72600	94241	8200	74000
3486	201404	48	73800	72600	94241	8200	74000
3487	201404	49	73800	72600	94241	8200	74000
3488	201404	50	73800	72600	94241	8200	74000
3489	201404	51	73800	72600	94241	8200	74000
3490	201404	52	73800	72600	94241	8200	74000
3491	201404	53	73800	72600	94241	8200	74000
3492	201404	54	73900	72600	94241	8200	74000
3493	201404	55	73900	72600	94241	8200	74000
3494	201404	56	74000	72600	94241	8200	74000
3495	201404	57	74000	72600	94241	8200	74000
3496	201404	58	74000	72600	94241	8200	74000
3497	201404	59	74000	72600	94241	8200	74000
3343	201403	30	73200	72600	61853	7400	73800
3344	201403	31	73300	72600	61853	7400	73800
3345	201403	32	73300	72600	61853	7400	73800
3346	201403	33	73400	72600	61853	7400	73800
3347	201403	34	73400	72600	61853	7400	73800
3348	201403	35	73500	72600	61853	7400	73800
3349	201403	36	73500	72600	61853	7400	73800
3350	201403	37	73500	72600	61853	7400	73800
3351	201403	38	73500	72600	61853	7400	73800
3352	201403	39	73500	72600	61853	7400	73800
3353	201403	40	73500	72600	61853	7400	73800
3354	201403	41	73500	72600	61853	7400	73800
3355	201403	42	73500	72600	61853	7400	73800
3356	201403	43	73500	72600	61853	7400	73800
3357	201403	44	73500	72600	61853	7400	73800
3358	201403	45	73500	72600	61853	7400	73800
3359	201403	46	73500	72600	61853	7400	73800
3360	201403	47	73500	72600	61853	7400	73800
3361	201403	48	73600	72600	61853	7400	73800
3362	201403	49	73600	72600	61853	7400	73800
3363	201403	50	73700	72600	61853	7400	73800
3364	201403	51	73700	72600	61853	7400	73800
3365	201403	52	73700	72600	61853	7400	73800
3366	201403	53	73800	72600	61853	7400	73800
3367	201403	54	73800	72600	61853	7400	73800
3368	201403	55	73800	72600	61853	7400	73800
3369	201403	56	73800	72600	61853	7400	73800
3370	201403	57	73800	72600	61853	7400	73800
3371	201403	58	73800	72600	61853	7400	73800
3372	201403	59	73800	72600	61853	7400	73800
3221	201402	30	72900	72600	45758	7400	73200
3222	201402	31	72900	72600	45758	7400	73200
3223	201402	32	72900	72600	45758	7400	73200
3224	201402	33	72900	72600	45758	7400	73200
3225	201402	34	72900	72600	45758	7400	73200
3226	201402	35	72900	72600	45758	7400	73200
3227	201402	36	72900	72600	45758	7400	73200
3228	201402	37	72900	72600	45758	7400	73200
3229	201402	38	72900	72600	45758	7400	73200
3230	201402	39	72900	72600	45758	7400	73200
3231	201402	40	72900	72600	45758	7400	73200
3232	201402	41	72900	72600	45758	7400	73200
3233	201402	42	72900	72600	45758	7400	73200
3234	201402	43	72900	72600	45758	7400	73200
3235	201402	44	72900	72600	45758	7400	73200
3236	201402	45	72900	72600	45758	7400	73200
3237	201402	46	72900	72600	45758	7400	73200
3238	201402	47	72900	72600	45758	7400	73200
3239	201402	48	72900	72600	45758	7400	73200
3240	201402	49	72900	72600	45758	7400	73200
3241	201402	50	72900	72600	45758	7400	73200
3242	201402	51	72900	72600	45758	7400	73200
3243	201402	52	72900	72600	45758	7400	73200
3244	201402	53	73100	72600	45758	7400	73200
3245	201402	54	73200	72600	45758	7400	73200
3246	201402	55	73200	72600	45758	7400	73200
3247	201402	56	73200	72600	45758	7400	73200
3248	201402	57	73200	72600	45758	7400	73200
3249	201402	58	73200	72600	45758	7400	73200
3250	201402	59	73200	72600	45758	7400	73200
3100	201401	30	72600	72600	41946	8100	73500
3101	201401	31	72700	72600	41946	8100	73500
3102	201401	32	72800	72600	41946	8100	73500
3103	201401	33	72900	72600	41946	8100	73500
3104	201401	34	72900	72600	41946	8100	73500
3105	201401	35	72900	72600	41946	8100	73500
3106	201401	36	72900	72600	41946	8100	73500
3107	201401	37	72900	72600	41946	8100	73500
3108	201401	38	72900	72600	41946	8100	73500
3109	201401	39	72900	72600	41946	8100	73500
3110	201401	40	72900	72600	41946	8100	73500
3111	201401	41	72900	72600	41946	8100	73500
3112	201401	42	72900	72600	41946	8100	73500
3113	201401	43	72900	72600	41946	8100	73500
3114	201401	44	72900	72600	41946	8100	73500
3115	201401	45	72900	72600	41946	8100	73500
3116	201401	46	72900	72600	41946	8100	73500
3117	201401	47	73000	72600	41946	8100	73500
3118	201401	48	73100	72600	41946	8100	73500
3119	201401	49	73200	72600	41946	8100	73500
3120	201401	50	73200	72600	41946	8100	73500
3121	201401	51	73200	72600	41946	8100	73500
3122	201401	52	73200	72600	41946	8100	73500
3123	201401	53	73200	72600	41946	8100	73500
3124	201401	54	73200	72600	41946	8100	73500
3125	201401	55	73200	72600	41946	8100	73500
3126	201401	56	73200	72600	41946	8100	73500
3127	201401	57	73200	72600	41946	8100	73500
3128	201401	58	73400	72600	41946	8100	73500
3129	201401	59	73400	72600	41946	8100	73500
6320	201308	30	74400	74100	22650	9000	74700
6321	201308	31	74400	74100	22650	9000	74700
6322	201308	32	74400	74100	22650	9000	74700
6323	201308	33	74400	74100	22650	9000	74700
6324	201308	34	74400	74100	22650	9000	74700
6325	201308	35	74400	74100	22650	9000	74700
6326	201308	36	74400	74100	22650	9000	74700
6327	201308	37	74400	74100	22650	9000	74700
6328	201308	38	74400	74100	22650	9000	74700
6329	201308	39	74400	74100	22650	9000	74700
6330	201308	40	74400	74100	22650	9000	74700
6331	201308	41	74400	74100	22650	9000	74700
6332	201308	42	74400	74100	22650	9000	74700
6333	201308	43	74400	74100	22650	9000	74700
6334	201308	44	74400	74100	22650	9000	74700
6335	201308	45	74500	74100	22650	9000	74700
6336	201308	46	74600	74100	22650	9000	74700
6337	201308	47	74700	74100	22650	9000	74700
6338	201308	48	74700	74100	22650	9000	74700
6339	201308	49	74700	74100	22650	9000	74700
6340	201308	50	74700	74100	22650	9000	74700
6341	201308	51	74700	74100	22650	9000	74700
6342	201308	52	74700	74100	22650	9000	74700
6343	201308	53	74700	74100	22650	9000	74700
6344	201308	54	74700	74100	22650	9000	74700
6345	201308	55	74700	74100	22650	9000	74700
6346	201308	56	74700	74100	22650	9000	74700
6347	201308	57	74700	74100	22650	9000	74700
6348	201308	58	74700	74100	22650	9000	74700
6349	201308	59	74700	74100	22650	9000	74700
